371946528458132967296857341724593816983761452165284793512379684847615239639428175
946528371132967458857341296593816724761452983284793165379684512615239847428175639
528371946967458132341296857816724593452983761793165284684512379239847615175639428
791586342286143759435279186572364918968712435314958627847621593159837264623495871
586342791143759286279186435364918572712435968958627314621593847837264159495871623
684512379239847615175639428528371946967458132341296857816724593452983761793165284
593816724761452983284793165379684512615239847428175639946528371132967458857341296
342791586759286143186435279918572364435968712627314958593847621264159837871623495
572364918968712435314958627847621593159837264623495871791586342286143759435279186
847621593159837264623495871791586342286143759435279186572364918968712435314958627
364918572712435968958627314621593847837264159495871623586342791143759286279186435
621593847837264159495871623586342791143759286279186435364918572712435968958627314
129586437643217895758934126987642513362158974415379268274861359831795642596423781
586437129217895643934126758642513987158974362379268415861359274795642831423781596
437129586895643217126758934513987642974362158268415379359274861642831795781596423
934285167861739245725416938613874529457692813289153674592367481176548392348921756
285167934739245861416938725874529613692813457153674289367481592548392176921756348
359274861642831795781596423437129586895643217126758934513987642974362158268415379
642513987158974362379268415861359274795642831423781596586437129217895643934126758
167934285245861739938725416529613874813457692674289153481592367392176548756348921
613874529457692813289153674592367481176548392348921756934285167861739245725416938
592367481176548392348921756934285167861739245725416938613874529457692813289153674
874529613692813457153674289367481592548392176921756348285167934739245861416938725
367481592548392176921756348285167934739245861416938725874529613692813457153674289
452368197391274568876159432628493715749815623135726849267981354914537286583642971
368197452274568391159432876493715628815623749726849135981354267537286914642971583
197452368568391274432876159715628493623749815849135726354267981286914537971583642
671295438243618597895743216487956321912834675356172849768329154124587963539461782
295438671618597243743216895956321487834675912172849356329154768587963124461782539
354267981286914537971583642197452368568391274432876159715628493623749815849135726
493715628815623749726849135981354267537286914642971583368197452274568391159432876
438671295597243618216895743321487956675912834849356172154768329963124587782539461
487956321912834675356172849768329154124587963539461782671295438243618597895743216
768329154124587963539461782671295438243618597895743216487956321912834675356172849
956321487834675912172849356329154768587963124461782539295438671618597243743216895
329154768587963124461782539295438671618597243743216895956321487834675912172849356
384169527259874631671253849728436915913587462465921378532618794846792153197345286
169527384874631259253849671436915728587462913921378465618794532792153846345286197
527384169631259874849671253915728436462913587378465921794532618153846792286197345
794581326216349857835267491459673182382194675671825943943712568167958234528436719
581326794349857216267491835673182459194675382825943671712568943958234167436719528
794532618153846792286197345527384169631259874849671253915728436462913587378465921
436915728587462913921378465618794532792153846345286197169527384874631259253849671
326794581857216349491835267182459673675382194943671825568943712234167958719528436
459673182382194675671825943943712568167958234528436719794581326216349857835267491
943712568167958234528436719794581326216349857835267491459673182382194675671825943
673182459194675382825943671712568943958234167436719528581326794349857216267491835
712568943958234167436719528581326794349857216267491835673182459194675382825943671
916573248847126539325489716174635982693842175582917463451268397769354821238791654
573248916126539847489716325635982174842175693917463582268397451354821769791654238
248916573539847126716325489982174635175693842463582917397451268821769354654238791
165472983798563142432198675689237514341659728527841369914386257876925431253714896
472983165563142798198675432237514689659728341841369527386257914925431876714896253
397451268821769354654238791248916573539847126716325489982174635175693842463582917
635982174842175693917463582268397451354821769791654238573248916126539847489716325
983165472142798563675432198514689237728341659369527841257914386431876925896253714
689237514341659728527841369914386257876925431253714896165472983798563142432198675
914386257876925431253714896165472983798563142432198675689237514341659728527841369
237514689659728341841369527386257914925431876714896253472983165563142798198675432
386257914925431876714896253472983165563142798198675432237514689659728341841369527
825643791974512368631789452746891235298357146153264987367925814482136579519478623
643791825512368974789452631891235746357146298264987153925814367136579482478623519
791825643368974512452631789235746891146298357987153264814367925579482136623519478
721345896495681273683729541832914657956237418174568329219856734348172965567493182
345896721681273495729541683914657832237418956568329174856734219172965348493182567
814367925579482136623519478791825643368974512452631789235746891146298357987153264
891235746357146298264987153925814367136579482478623519643791825512368974789452631
896721345273495681541683729657832914418956237329174568734219856965348172182567493
832914657956237418174568329219856734348172965567493182721345896495681273683729541
219856734348172965567493182721345896495681273683729541832914657956237418174568329
914657832237418956568329174856734219172965348493182567345896721681273495729541683
856734219172965348493182567345896721681273495729541683914657832237418956568329174
129758436638241795457693182594182367271536948863974251745819623312465879986327514
758436129241795638693182457182367594536948271974251863819623745465879312327514986
436129758795638241182457693367594182948271536251863974623745819879312465514986327
528739164976418235413526987159843726837162549264957813392685471645271398781394652
739164528418235976526987413843726159162549837957813264685471392271398645394652781
623745819879312465514986327436129758795638241182457693367594182948271536251863974
182367594536948271974251863819623745465879312327514986758436129241795638693182457
164528739235976418987413526726159843549837162813264957471392685398645271652781394
159843726837162549264957813392685471645271398781394652528739164976418235413526987
392685471645271398781394652528739164976418235413526987159843726837162549264957813
843726159162549837957813264685471392271398645394652781739164528418235976526987413
685471392271398645394652781739164528418235976526987413843726159162549837957813264
571896243463752891829134675246318759187549326395627418712983564658471932934265187
896243571752891463134675829318759246549326187627418395983564712471932658265187934
243571896891463752675829134759246318326187549418395627564712983932658471187934265
213769548489153762675284139356942871142876953897315624734591286521638497968427315
769548213153762489284139675942871356876953142315624897591286734638497521427315968
564712983932658471187934265243571896891463752675829134759246318326187549418395627
318759246549326187627418395983564712471932658265187934896243571752891463134675829
548213769762489153139675284871356942953142876624897315286734591497521638315968427
356942871142876953897315624734591286521638497968427315213769548489153762675284139
734591286521638497968427315213769548489153762675284139356942871142876953897315624
942871356876953142315624897591286734638497521427315968769548213153762489284139675
591286734638497521427315968769548213153762489284139675942871356876953142315624897
251648937674932851893571462462157398135896724987324516749215683518763249326489175
648937251932851674571462893157398462896724135324516987215683749763249518489175326
937251648851674932462893571398462157724135896516987324683749215249518763175326489
419753268638412579257986143183274695592168437764539821375621984921847356846395712
753268419412579638986143257274695183168437592539821764621984375847356921395712846
683749215249518763175326489937251648851674932462893571398462157724135896516987324
157398462896724135324516987215683749763249518489175326648937251932851674571462893
268419753579638412143257986695183274437592168821764539984375621356921847712846395
183274695592168437764539821375621984921847356846395712419753268638412579257986143
375621984921847356846395712419753268638412579257986143183274695592168437764539821
274695183168437592539821764621984375847356921395712846753268419412579638986143257
621984375847356921395712846753268419412579638986143257274695183168437592539821764
194578632632941578578263419763459821421687953985312764216794385347825196859136247
578632194941578632263419578459821763687953421312764985794385216825196347136247859
632194578578632941419578263821763459953421687764985312385216794196347825247859136
749238165628145937315679428463781592581923746972456813897312654256894371134567289
238165749145937628679428315781592463923746581456813972312654897894371256567289134
385216794196347825247859136632194578578632941419578263821763459953421687764985312
459821763687953421312764985794385216825196347136247859578632194941578632263419578
165749238937628145428315679592463781746581923813972456654897312371256894289134567
463781592581923746972456813897312654256894371134567289749238165628145937315679428
897312654256894371134567289749238165628145937315679428463781592581923746972456813
781592463923746581456813972312654897894371256567289134238165749145937628679428315
312654897894371256567289134238165749145937628679428315781592463923746581456813972
342967185681345279975812364198736452264591738537428691853174926429653817716289543
967185342345279681812364975736452198591738264428691537174926853653817429289543716
185342967279681345364975812452198736738264591691537428926853174817429653543716289
125847369963521487847396215754162938392758641618439752476985123539214876281673594
847369125521487963396215847162938754758641392439752618985123476214876539673594281
926853174817429653543716289185342967279681345364975812452198736738264591691537428
736452198591738264428691537174926853653817429289543716967185342345279681812364975
369125847487963521215847396938754162641392758752618439123476985876539214594281673
754162938392758641618439752476985123539214876281673594125847369963521487847396215
476985123539214876281673594125847369963521487847396215754162938392758641618439752
162938754758641392439752618985123476214876539673594281847369125521487963396215847
985123476214876539673594281847369125521487963396215847162938754758641392439752618
716592348832416579954783612378965421625147983491328756187634295569271834243859167
592348716416579832783612954965421378147983625328756491634295187271834569859167243
348716592579832416612954783421378965983625147756491328295187634834569271167243859
364152789729864135851793624913628547642375918578419263497281356285936471136547892
152789364864135729793624851628547913375918642419263578281356497936471285547892136
295187634834569271167243859348716592579832416612954783421378965983625147756491328
965421378147983625328756491634295187271834569859167243592348716416579832783612954
789364152135729864624851793547913628918642375263578419356497281471285936892136547
913628547642375918578419263497281356285936471136547892364152789729864135851793624
497281356285936471136547892364152789729864135851793624913628547642375918578419263
628547913375918642419263578281356497936471285547892136152789364864135729793624851
281356497936471285547892136152789364864135729793624851628547913375918642419263578
386792145941358276275146938418269753527831469693574812762483591834915627159627384
792145386358276941146938275269753418831469527574812693483591762915627834627384159
145386792276941358938275146753418269469527831812693574591762483627834915384159627
456781392129635847873249615285496731637812954914357286748563129561928473392174568
781392456635847129249615873496731285812954637357286914563129748928473561174568392
591762483627834915384159627145386792276941358938275146753418269469527831812693574
269753418831469527574812693483591762915627834627384159792145386358276941146938275
392456781847129635615873249731285496954637812286914357129748563473561928568392174
285496731637812954914357286748563129561928473392174568456781392129635847873249615
748563129561928473392174568456781392129635847873249615285496731637812954914357286
496731285812954637357286914563129748928473561174568392781392456635847129249615873
563129748928473561174568392781392456635847129249615873496731285812954637357286914
361279845284315679975846231417692358632758914859134762196527483528463197743981526
279845361315679284846231975692358417758914632134762859527483196463197528981526743
845361279679284315231975846358417692914632758762859134483196527197528463526743981
468157329135924687729683145671549238953268714284731956397415862516892473842376591
157329468924687135683145729549238671268714953731956284415862397892473516376591842
483196527197528463526743981845361279679284315231975846358417692914632758762859134
692358417758914632134762859527483196463197528981526743279845361315679284846231975
329468157687135924145729683238671549714953268956284731862397415473516892591842376
671549238953268714284731956397415862516892473842376591468157329135924687729683145
397415862516892473842376591468157329135924687729683145671549238953268714284731956
549238671268714953731956284415862397892473516376591842157329468924687135683145729
415862397892473516376591842157329468924687135683145729549238671268714953731956284
958714326716253948234869715389146257547328169621597483895431672173682594462975831
714326958253948716869715234146257389328169547597483621431672895682594173975831462
326958714948716253715234869257389146169547328483621597672895431594173682831462975
356814972842976513971532864135469728429387156687125439214658397568793241793241685
814972356976513842532864971469728135387156429125439687658397214793241568241685793
672895431594173682831462975326958714948716253715234869257389146169547328483621597
146257389328169547597483621431672895682594173975831462714326958253948716869715234
972356814513842976864971532728135469156429387439687125397214658241568793685793241
135469728429387156687125439214658397568793241793241685356814972842976513971532864
214658397568793241793241685356814972842976513971532864135469728429387156687125439
469728135387156429125439687658397214793241568241685793814972356976513842532864971
658397214793241568241685793814972356976513842532864971469728135387156429125439687
324617589918425367576398214867532941153964872492781635641859723289173456735246198
617589324425367918398214576532941867964872153781635492859723641173456289246198735
589324617367918425214576398941867532872153964635492781723641859456289173198735246
814627395659483217732195486597812643368574129241936758986741532473259861125368974
627395814483217659195486732812643597574129368936758241741532986259861473368974125
723641859456289173198735246589324617367918425214576398941867532872153964635492781
532941867964872153781635492859723641173456289246198735617589324425367918398214576
395814627217659483486732195643597812129368574758241936532986741861473259974125368
597812643368574129241936758986741532473259861125368974814627395659483217732195486
986741532473259861125368974814627395659483217732195486597812643368574129241936758
812643597574129368936758241741532986259861473368974125627395814483217659195486732
741532986259861473368974125627395814483217659195486732812643597574129368936758241
259348167761952348834176295492531876518467932673829451986713524147295683325684719
348167259952348761176295834531876492467932518829451673713524986295683147684719325
167259348348761952295834176876492531932518467451673829524986713683147295719325684
456913278917842563283675914548726391362198457179354826894567132735281649621439785
913278456842563917675914283726391548198457362354826179567132894281649735439785621
524986713683147295719325684167259348348761952295834176876492531932518467451673829
531876492467932518829451673713524986295683147684719325348167259952348761176295834
278456913563917842914283675391548726457362198826179354132894567649735281785621439
548726391362198457179354826894567132735281649621439785456913278917842563283675914
894567132735281649621439785456913278917842563283675914548726391362198457179354826
726391548198457362354826179567132894281649735439785621913278456842563917675914283
567132894281649735439785621913278456842563917675914283726391548198457362354826179
689742531315698427274531968462385719831479256957216384193827645746153892528964173
742531689698427315531968274385719462479256831216384957827645193153892746964173528
531689742427315698968274531719462385256831479384957216645193827892746153173528964
489175632635942817217368954342819765871256493596734281723681549158497326964523178
175632489942817635368954217819765342256493871734281596681549723497326158523178964
645193827892746153173528964531689742427315698968274531719462385256831479384957216
385719462479256831216384957827645193153892746964173528742531689698427315531968274
632489175817635942954217368765342819493871256281596734549723681326158497178964523
342819765871256493596734281723681549158497326964523178489175632635942817217368954
723681549158497326964523178489175632635942817217368954342819765871256493596734281
819765342256493871734281596681549723497326158523178964175632489942817635368954217
681549723497326158523178964175632489942817635368954217819765342256493871734281596
829765431315284679647391285938426157754913826162857394571632948483179562296548713
765431829284679315391285647426157938913826754857394162632948571179562483548713296
431829765679315284285647391157938426826754913394162857948571632562483179713296548
971542836356789214842136957498615723215374689637298541183957462529461378764823195
542836971789214356136957842615723498374689215298541637957462183461378529823195764
948571632562483179713296548431829765679315284285647391157938426826754913394162857
426157938913826754857394162632948571179562483548713296765431829284679315391285647
836971542214356789957842136723498615689215374541637298462183957378529461195764823
498615723215374689637298541183957462529461378764823195971542836356789214842136957
183957462529461378764823195971542836356789214842136957498615723215374689637298541
615723498374689215298541637957462183461378529823195764542836971789214356136957842
957462183461378529823195764542836971789214356136957842615723498374689215298541637
759634281126875439843291567268549713915723846437186952681957324392418675574362198
634281759875439126291567843549713268723846915186952437957324681418675392362198574
281759634439126875567843291713268549846915723952437186324681957675392418198574362
294635718613897524857124963571943682428516379936782451789361245145279836362458197
635718294897524613124963857943682571516379428782451936361245789279836145458197362
324681957675392418198574362281759634439126875567843291713268549846915723952437186
549713268723846915186952437957324681418675392362198574634281759875439126291567843
718294635524613897963857124682571943379428516451936782245789361836145279197362458
571943682428516379936782451789361245145279836362458197294635718613897524857124963
789361245145279836362458197294635718613897524857124963571943682428516379936782451
943682571516379428782451936361245789279836145458197362635718294897524613124963857
361245789279836145458197362635718294897524613124963857943682571516379428782451936
193284576672591843584637291349812765851476932267953184735149628916328457428765319
284576193591843672637291584812765349476932851953184267149628735328457916765319428
576193284843672591291584637765349812932851476184267953628735149457916328319428765
382794165456312978917568324849137256175426893263985417791643582638251749524879631
794165382312978456568324917137256849426893175985417263643582791251749638879631524
628735149457916328319428765576193284843672591291584637765349812932851476184267953
812765349476932851953184267149628735328457916765319428284576193591843672637291584
165382794978456312324917568256849137893175426417263985582791643749638251631524879
849137256175426893263985417791643582638251749524879631382794165456312978917568324
791643582638251749524879631382794165456312978917568324849137256175426893263985417
137256849426893175985417263643582791251749638879631524794165382312978456568324917
643582791251749638879631524794165382312978456568324917137256849426893175985417263
971348625564712398823956714489173256217865943356429871735281469148697532692534187
348625971712398564956714823173256489865943217429871356281469735697532148534187692
625971348398564712714823956256489173943217865871356429469735281532148697187692534
423716958815349762976582143184265379762893415359174826298451637547638291631927584
716958423349762815582143976265379184893415762174826359451637298638291547927584631
469735281532148697187692534625971348398564712714823956256489173943217865871356429
173256489865943217429871356281469735697532148534187692348625971712398564956714823
958423716762815349143976582379184265415762893826359174637298451291547638584631927
184265379762893415359174826298451637547638291631927584423716958815349762976582143
298451637547638291631927584423716958815349762976582143184265379762893415359174826
265379184893415762174826359451637298638291547927584631716958423349762815582143976
451637298638291547927584631716958423349762815582143976265379184893415762174826359
173842695625931748894657321452786913738195264961423857516379482389214576247568139
842695173931748625657321894786913452195264738423857961379482516214576389568139247
695173842748625931321894657913452786264738195857961423482516379576389214139247568
479532168536184729281697354714325896892716435653948217928451673165873942347269581
532168479184729536697354281325896714716435892948217653451673928873942165269581347
482516379576389214139247568695173842748625931321894657913452786264738195857961423
786913452195264738423857961379482516214576389568139247842695173931748625657321894
168479532729536184354281697896714325435892716217653948673928451942165873581347269
714325896892716435653948217928451673165873942347269581479532168536184729281697354
928451673165873942347269581479532168536184729281697354714325896892716435653948217
325896714716435892948217653451673928873942165269581347532168479184729536697354281
451673928873942165269581347532168479184729536697354281325896714716435892948217653
134786295579243618826951473985672134261439587347815926758194362412367859693528741
786295134243618579951473826672134985439587261815926347194362758367859412528741693
295134786618579243473826951134985672587261439926347815362758194859412367741693528
923746158864519372517823496648135729731962845295478631159387264382654917476291583
746158923519372864823496517135729648962845731478631295387264159654917382291583476
362758194859412367741693528295134786618579243473826951134985672587261439926347815
672134985439587261815926347194362758367859412528741693786295134243618579951473826
158923746372864519496517823729648135845731962631295478264159387917382654583476291
648135729731962845295478631159387264382654917476291583923746158864519372517823496
159387264382654917476291583923746158864519372517823496648135729731962845295478631
135729648962845731478631295387264159654917382291583476746158923519372864823496517
387264159654917382291583476746158923519372864823496517135729648962845731478631295
967483251148562973325971648734125896519836724286749135651397482493218567872654319
483251967562973148971648325125896734836724519749135286397482651218567493654319872
251967483973148562648325971896734125724519836135286749482651397567493218319872654
752648913318597642496132785187326459234915867569784321871453296923861574645279138
648913752597642318132785496326459187915867234784321569453296871861574923279138645
482651397567493218319872654251967483973148562648325971896734125724519836135286749
125896734836724519749135286397482651218567493654319872483251967562973148971648325
913752648642318597785496132459187326867234915321569784296871453574923861138645279
187326459234915867569784321871453296923861574645279138752648913318597642496132785
871453296923861574645279138752648913318597642496132785187326459234915867569784321
326459187915867234784321569453296871861574923279138645648913752597642318132785496
453296871861574923279138645648913752597642318132785496326459187915867234784321569
541876293962143578387259461756431829423798156819562347638925714175684932294317685
876293541143578962259461387431829756798156423562347819925714638684932175317685294
293541876578962143461387259829756431156423798347819562714638925932175684685294317
748612593521379468639854127475963812396281745182547639813796254254138976967425381
612593748379468521854127639963812475281745396547639182796254813138976254425381967
714638925932175684685294317293541876578962143461387259829756431156423798347819562
431829756798156423562347819925714638684932175317685294876293541143578962259461387
593748612468521379127639854812475963745396281639182547254813796976254138381967425
475963812396281745182547639813796254254138976967425381748612593521379468639854127
813796254254138976967425381748612593521379468639854127475963812396281745182547639
963812475281745396547639182796254813138976254425381967612593748379468521854127639
796254813138976254425381967612593748379468521854127639963812475281745396547639182
725398416149256378863471529958732641231964785476815293314529867592687134687143952
398416725256378149471529863732641958964785231815293476529867314687134592143952687
416725398378149256529863471641958732785231964293476815867314529134592687952687143
924356718537198246816427593798561324361284957245973861672819435489635172153742689
356718924198246537427593816561324798284957361973861245819435672635172489742689153
867314529134592687952687143416725398378149256529863471641958732785231964293476815
732641958964785231815293476529867314687134592143952687398416725256378149471529863
718924356246537198593816427324798561957361284861245973435672819172489635689153742
798561324361284957245973861672819435489635172153742689924356718537198246816427593
672819435489635172153742689924356718537198246816427593798561324361284957245973861
561324798284957361973861245819435672635172489742689153356718924198246537427593816
819435672635172489742689153356718924198246537427593816561324798284957361973861245
847195623321467598956823174569234817482719356173586942298671435635942781714358269
195623847467598321823174956234817569719356482586942173671435298942781635358269714
623847195598321467174956823817569234356482719942173586435298671781635942269714358
541267839687931425923854716275693148318745962496128573839472651154386297762519384
267839541931425687854716923693148275745962318128573496472651839386297154519384762
435298671781635942269714358623847195598321467174956823817569234356482719942173586
234817569719356482586942173671435298942781635358269714195623847467598321823174956
839541267425687931716923854148275693962318745573496128651839472297154386384762519
275693148318745962496128573839472651154386297762519384541267839687931425923854716
839472651154386297762519384541267839687931425923854716275693148318745962496128573
693148275745962318128573496472651839386297154519384762267839541931425687854716923
472651839386297154519384762267839541931425687854716923693148275745962318128573496
238914567691537842475862139719346285842759316356128794963271458187495623524683971
914567238537842691862139475346285719759316842128794356271458963495623187683971524
567238914842691537139475862285719346316842759794356128458963271623187495971524683
783915264145682397926374815371246958452798136698153472237469581819527643564831729
915264783682397145374815926246958371798136452153472698469581237527643819831729564
458963271623187495971524683567238914842691537139475862285719346316842759794356128
346285719759316842128794356271458963495623187683971524914567238537842691862139475
264783915397145682815926374958371246136452798472698153581237469643819527729564831
371246958452798136698153472237469581819527643564831729783915264145682397926374815
237469581819527643564831729783915264145682397926374815371246958452798136698153472
246958371798136452153472698469581237527643819831729564915264783682397145374815926
469581237527643819831729564915264783682397145374815926246958371798136452153472698
365891472724635189981274536438562917157948263296317845572483691643159728819726354
891472365635189724274536981562917438948263157317845296483691572159728643726354819
472365891189724635536981274917438562263157948845296317691572483728643159354819726
412568379359741628876239541593417862641852937287396154928673415164925783735184296
568379412741628359239541876417862593852937641396154287673415928925783164184296735
691572483728643159354819726472365891189724635536981274917438562263157948845296317
562917438948263157317845296483691572159728643726354819891472365635189724274536981
379412568628359741541876239862593417937641852154287396415928673783164925296735184
593417862641852937287396154928673415164925783735184296412568379359741628876239541
928673415164925783735184296412568379359741628876239541593417862641852937287396154
417862593852937641396154287673415928925783164184296735568379412741628359239541876
673415928925783164184296735568379412741628359239541876417862593852937641396154287
957831624843276519162594873786345291425169738391728465614957382279483156538612947
831624957276519843594873162345291786169738425728465391957382614483156279612947538
624957831519843276873162594291786345738425169465391728382614957156279483947538612
743625981829173546651498732317946825462581379598732164274319658936854217185267493
625981743173546829498732651946825317581379462732164598319658274854217936267493185
382614957156279483947538612624957831519843276873162594291786345738425169465391728
345291786169738425728465391957382614483156279612947538831624957276519843594873162
981743625546829173732651498825317946379462581164598732658274319217936854493185267
317946825462581379598732164274319658936854217185267493743625981829173546651498732
274319658936854217185267493743625981829173546651498732317946825462581379598732164
946825317581379462732164598319658274854217936267493185625981743173546829498732651
319658274854217936267493185625981743173546829498732651946825317581379462732164598
325749681487613592619825734862934157931572468754186329578391246143268975296457813
749681325613592487825734619934157862572468931186329754391246578268975143457813296
681325749592487613734619825157862934468931572329754186246578391975143268813296457
897512346635749281214836579951324768378965412426187935143298657562471893789653124
512346897749281635836579214324768951965412378187935426298657143471893562653124789
246578391975143268813296457681325749592487613734619825157862934468931572329754186
934157862572468931186329754391246578268975143457813296749681325613592487825734619
346897512281635749579214836768951324412378965935426187657143298893562471124789653
951324768378965412426187935143298657562471893789653124897512346635749281214836579
143298657562471893789653124897512346635749281214836579951324768378965412426187935
324768951965412378187935426298657143471893562653124789512346897749281635836579214
298657143471893562653124789512346897749281635836579214324768951965412378187935426
514932687726158439839467215978246153643581792152793846297314568381675924465829371
932687514158439726467215839246153978581792643793846152314568297675924381829371465
687514932439726158215839467153978246792643581846152793568297314924381675371465829
961234578745986123832715469257368914489172356613459287178593642594627831326841795
234578961986123745715469832368914257172356489459287613593642178627831594841795326
568297314924381675371465829687514932439726158215839467153978246792643581846152793
246153978581792643793846152314568297675924381829371465932687514158439726467215839
578961234123745986469832715914257368356489172287613459642178593831594627795326841
257368914489172356613459287178593642594627831326841795961234578745986123832715469
178593642594627831326841795961234578745986123832715469257368914489172356613459287
368914257172356489459287613593642178627831594841795326234578961986123745715469832
593642178627831594841795326234578961986123745715469832368914257172356489459287613
785469312916237485324581769453728691271956843698314257169872534542693178837145926
469312785237485916581769324728691453956843271314257698872534169693178542145926837
312785469485916237769324581691453728843271956257698314534169872178542693926837145
426158793579643812318927564793861425251794638864235971682519347945372186137486259
158793426643812579927564318861425793794638251235971864519347682372186945486259137
534169872178542693926837145312785469485916237769324581691453728843271956257698314
728691453956843271314257698872534169693178542145926837469312785237485916581769324
793426158812579643564318927425793861638251794971864235347682519186945372259137486
793861425251794638864235971682519347945372186137486259426158793579643812318927564
682519347945372186137486259426158793579643812318927564793861425251794638864235971
861425793794638251235971864519347682372186945486259137158793426643812579927564318
519347682372186945486259137158793426643812579927564318861425793794638251235971864
621548739893167245475239618259381476184675392736924581968453127547812963312796854
548739621167245893239618475381476259675392184924581736453127968812963547796854312
739621548245893167618475239476259381392184675581736924127968453963547812854312796
217953684583641297946872135369487512872519463154326879435198726798265341621734958
953684217641297583872135946487512369519463872326879154198726435265341798734958621
127968453963547812854312796739621548245893167618475239476259381392184675581736924
381476259675392184924581736453127968812963547796854312548739621167245893239618475
684217953297583641135946872512369487463872519879154326726435198341798265958621734
369487512872519463154326879435198726798265341621734958217953684583641297946872135
435198726798265341621734958217953684583641297946872135369487512872519463154326879
487512369519463872326879154198726435265341798734958621953684217641297583872135946
198726435265341798734958621953684217641297583872135946487512369519463872326879154
486135792739628541215794386957386214621479853843512967198243675364857129572961438
135792486628541739794386215386214957479853621512967843243675198857129364961438572
792486135541739628386215794214957386853621479967843512675198243129364857438572961
968135472524967831713842695345289167871456329692371584289614753156723948437598216
135472968967831524842695713289167345456329871371584692614753289723948156598216437
675198243129364857438572961792486135541739628386215794214957386853621479967843512
386214957479853621512967843243675198857129364961438572135792486628541739794386215
472968135831524967695713842167345289329871456584692371753289614948156723216437598
345289167871456329692371584289614753156723948437598216968135472524967831713842695
289614753156723948437598216968135472524967831713842695345289167871456329692371584
289167345456329871371584692614753289723948156598216437135472968967831524842695713
614753289723948156598216437135472968967831524842695713289167345456329871371584692
853721964697453812241698357428517639735946128916382475379264581582139746164875293
721964853453812697698357241517639428946128735382475916264581379139746582875293164
964853721812697453357241698639428517128735946475916382581379264746582139293164875
479351862231786594856924371593218746148637259762495138614572983327849615985163427
351862479786594231924371856218746593637259148495138762572983614849615327163427985
581379264746582139293164875964853721812697453357241698639428517128735946475916382
517639428946128735382475916264581379139746582875293164721964853453812697698357241
862479351594231786371856924746593218259148637138762495983614572615327849427985163
593218746148637259762495138614572983327849615985163427479351862231786594856924371
614572983327849615985163427479351862231786594856924371593218746148637259762495138
218746593637259148495138762572983614849615327163427985351862479786594231924371856
572983614849615327163427985351862479786594231924371856218746593637259148495138762
423591678978263451165748239589372146732614895614985723346129587291857364857436912
591678423263451978748239165372146589614895732985723614129587346857364291436912857
678423591451978263239165748146589372895732614723614985587346129364291857912857436
576328491831495276924617385369184527718253964245976138187539642492861753653742819
328491576495276831617385924184527369253964718976138245539642187861753492742819653
587346129364291857912857436678423591451978263239165748146589372895732614723614985
372146589614895732985723614129587346857364291436912857591678423263451978748239165
491576328276831495385924617527369184964718253138245976642187539753492861819653742
369184527718253964245976138187539642492861753653742819576328491831495276924617385
187539642492861753653742819576328491831495276924617385369184527718253964245976138
184527369253964718976138245539642187861753492742819653328491576495276831617385924
539642187861753492742819653328491576495276831617385924184527369253964718976138245
578396412291548367643271598865913724439752681712684935187469253924135876356827149
396412578548367291271598643913724865752681439684935712469253187135876924827149356
412578396367291548598643271724865913681439752935712684253187469876924135149356827
847193526631825794592746813976418352158632947324957681769281435283574169415369278
193526847825794631746813592418352976632947158957681324281435769574169283369278415
253187469876924135149356827412578396367291548598643271724865913681439752935712684
913724865752681439684935712469253187135876924827149356396412578548367291271598643
526847193794631825813592746352976418947158632681324957435769281169283574278415369
976418352158632947324957681769281435283574169415369278847193526631825794592746813
769281435283574169415369278847193526631825794592746813976418352158632947324957681
418352976632947158957681324281435769574169283369278415193526847825794631746813592
281435769574169283369278415193526847825794631746813592418352976632947158957681324
863471925971258643425396718247683159138925467596714382684537291352149876719862534
471925863258643971396718425683159247925467138714382596537291684149876352862534719
925863471643971258718425396159247683467138925382596714291684537876352149534719862
215637894439851672786429315697518423821346759354792186143285967568973241972164538
637894215851672439429315786518423697346759821792186354285967143973241568164538972
291684537876352149534719862925863471643971258718425396159247683467138925382596714
683159247925467138714382596537291684149876352862534719471925863258643971396718425
894215637672439851315786429423697518759821346186354792967143285241568973538972164
697518423821346759354792186143285967568973241972164538215637894439851672786429315
143285967568973241972164538215637894439851672786429315697518423821346759354792186
518423697346759821792186354285967143973241568164538972637894215851672439429315786
285967143973241568164538972637894215851672439429315786518423697346759821792186354
736815429192647835845932761279451683561783942483269157657398214918524376324176598
815429736647835192932761845451683279783942561269157483398214657524376918176598324
429736815835192647761845932683279451942561783157483269214657398376918524598324176
254693718768512394913784625472351869586927143139846572691235487845179236327468951
693718254512394768784625913351869472927143586846572139235487691179236845468951327
214657398376918524598324176429736815835192647761845932683279451942561783157483269
451683279783942561269157483398214657524376918176598324815429736647835192932761845
718254693394768512625913784869472351143586927572139846487691235236845179951327468
472351869586927143139846572691235487845179236327468951254693718768512394913784625
691235487845179236327468951254693718768512394913784625472351869586927143139846572
351869472927143586846572139235487691179236845468951327693718254512394768784625913
235487691179236845468951327693718254512394768784625913351869472927143586846572139
416235879837619245925784316593176428142958763768423591371592684689347152254861937
235879416619245837784316925176428593958763142423591768592684371347152689861937254
879416235245837619316925784428593176763142958591768423684371592152689347937254861
517362489946785132328194675194538267752946318683271594475619823269853741831427956
362489517785132946194675328538267194946318752271594683619823475853741269427956831
684371592152689347937254861879416235245837619316925784428593176763142958591768423
176428593958763142423591768592684371347152689861937254235879416619245837784316925
489517362132946785675328194267194538318752946594683271823475619741269853956831427
194538267752946318683271594475619823269853741831427956517362489946785132328194675
475619823269853741831427956517362489946785132328194675194538267752946318683271594
538267194946318752271594683619823475853741269427956831362489517785132946194675328
619823475853741269427956831362489517785132946194675328538267194946318752271594683
167523489459781623823649571974256318312894756586317294248965137635178942791432865
523489167781623459649571823256318974894756312317294586965137248178942635432865791
489167523623459781571823649318974256756312894294586317137248965942635178865791432
935267148718439652426851793283914576591673284647582319372198465159346827864725931
267148935439652718851793426914576283673284591582319647198465372346827159725931864
137248965942635178865791432489167523623459781571823649318974256756312894294586317
256318974894756312317294586965137248178942635432865791523489167781623459649571823
148935267652718439793426851576283914284591673319647582465372198827159346931864725
283914576591673284647582319372198465159346827864725931935267148718439652426851793
372198465159346827864725931935267148718439652426851793283914576591673284647582319
914576283673284591582319647198465372346827159725931864267148935439652718851793426
198465372346827159725931864267148935439652718851793426914576283673284591582319647
465871239913254867827693415796528341548137692231946758172465983354789126689312574
871239465254867913693415827528341796137692548946758231465983172789126354312574689
239465871867913254415827693341796528692548137758231946983172465126354789574689312
752136498943758612681249537519473826234681759876592143367915284495827361128364975
136498752758612943249537681473826519681759234592143876915284367827361495364975128
983172465126354789574689312239465871867913254415827693341796528692548137758231946
528341796137692548946758231465983172789126354312574689871239465254867913693415827
498752136612943758537681249826519473759234681143876592284367915361495827975128364
519473826234681759876592143367915284495827361128364975752136498943758612681249537
367915284495827361128364975752136498943758612681249537519473826234681759876592143
473826519681759234592143876915284367827361495364975128136498752758612943249537681
915284367827361495364975128136498752758612943249537681473826519681759234592143876
493782516726159834518346297861527349957431628342698751285964173134875962679213485
782516493159834726346297518527349861431628957698751342964173285875962134213485679
516493782834726159297518346349861527628957431751342698173285964962134875485679213
893216475654837921172549368546982713239671854718453296367194582425768139981325647
216475893837921654549368172982713546671854239453296718194582367768139425325647981
173285964962134875485679213516493782834726159297518346349861527628957431751342698
527349861431628957698751342964173285875962134213485679782516493159834726346297518
475893216921654837368172549713546982854239671296718453582367194139425768647981325
546982713239671854718453296367194582425768139981325647893216475654837921172549368
367194582425768139981325647893216475654837921172549368546982713239671854718453296
982713546671854239453296718194582367768139425325647981216475893837921654549368172
194582367768139425325647981216475893837921654549368172982713546671854239453296718
658792134934185726127346985741263859392857461586419273879531642215674398463928517
792134658185726934346985127263859741857461392419273586531642879674398215928517463
134658792726934185985127346859741263461392857273586419642879531398215674517463928
735824691498716532126953847284569713651372984379148256842635179567491328913287465
824691735716532498953847126569713284372984651148256379635179842491328567287465913
642879531398215674517463928134658792726934185985127346859741263461392857273586419
263859741857461392419273586531642879674398215928517463792134658185726934346985127
691735824532498716847126953713284569984651372256379148179842635328567491465913287
284569713651372984379148256842635179567491328913287465735824691498716532126953847
842635179567491328913287465735824691498716532126953847284569713651372984379148256
569713284372984651148256379635179842491328567287465913824691735716532498953847126
635179842491328567287465913824691735716532498953847126569713284372984651148256379
456391782271854639398267514524179368637428195189635427863542971742916853915783246
391782456854639271267514398179368524428195637635427189542971863916853742783246915
782456391639271854514398267368524179195637428427189635971863542853742916246915783
561879423238641579479325618146597382723418956985263147314982765692754831857136294
879423561641579238325618479597382146418956723263147985982765314754831692136294857
971863542853742916246915783782456391639271854514398267368524179195637428427189635
179368524428195637635427189542971863916853742783246915391782456854639271267514398
423561879579238641618479325382146597956723418147985263765314982831692754294857136
146597382723418956985263147314982765692754831857136294561879423238641579479325618
314982765692754831857136294561879423238641579479325618146597382723418956985263147
597382146418956723263147985982765314754831692136294857879423561641579238325618479
982765314754831692136294857879423561641579238325618479597382146418956723263147985
469215837827346159135879642318427596792561384654938721981654273246783915573192468
215837469346159827879642135427596318561384792938721654654273981783915246192468573
837469215159827346642135879596318427384792561721654938273981654915246783468573192
376925481195847623824163975459671238263589147718432569537294816982716354641358792
925481376847623195163975824671238459589147263432569718294816537716354982358792641
273981654915246783468573192837469215159827346642135879596318427384792561721654938
427596318561384792938721654654273981783915246192468573215837469346159827879642135
481376925623195847975824163238459671147263589569718432816537294354982716792641358
459671238263589147718432569537294816982716354641358792376925481195847623824163975
537294816982716354641358792376925481195847623824163975459671238263589147718432569
671238459589147263432569718294816537716354982358792641925481376847623195163975824
294816537716354982358792641925481376847623195163975824671238459589147263432569718
437816259628579413591423768345692871876154932219387546764938125183245697952761384
816259437579413628423768591692871345154932876387546219938125764245697183761384952
259437816413628579768591423871345692932876154546219387125764938697183245384952761
382719465471685329569432781613927854958346172247851693895163247734298516126574938
719465382685329471432781569927854613346172958851693247163247895298516734574938126
125764938697183245384952761259437816413628579768591423871345692932876154546219387
692871345154932876387546219938125764245697183761384952816259437579413628423768591
465382719329471685781569432854613927172958346693247851247895163516734298938126574
613927854958346172247851693895163247734298516126574938382719465471685329569432781
895163247734298516126574938382719465471685329569432781613927854958346172247851693
927854613346172958851693247163247895298516734574938126719465382685329471432781569
163247895298516734574938126719465382685329471432781569927854613346172958851693247
483762591561893742927154863632915487148276935795348216354629178216487359879531624
762591483893742561154863927915487632276935148348216795629178354487359216531624879
591483762742561893863927154487632915935148276216795348178354629359216487624879531
617328459349517862285469317923645781174283695568971234492136578831752946756894123
328459617517862349469317285645781923283695174971234568136578492752946831894123756
178354629359216487624879531591483762742561893863927154487632915935148276216795348
915487632276935148348216795629178354487359216531624879762591483893742561154863927
459617328862349517317285469781923645695174283234568971578492136946831752123756894
923645781174283695568971234492136578831752946756894123617328459349517862285469317
492136578831752946756894123617328459349517862285469317923645781174283695568971234
645781923283695174971234568136578492752946831894123756328459617517862349469317285
136578492752946831894123756328459617517862349469317285645781923283695174971234568
274683519816259437953174286631492875789536124425718963362941758147865392598327641
683519274259437816174286953492875631536124789718963425941758362865392147327641598
519274683437816259286953174875631492124789536963425718758362941392147865641598327
674315289382649715195278463457983621931462857268157394819736542726594138543821976
315289674649715382278463195983621457462857931157394268736542819594138726821976543
758362941392147865641598327519274683437816259286953174875631492124789536963425718
492875631536124789718963425941758362865392147327641598683519274259437816174286953
289674315715382649463195278621457983857931462394268157542819736138726594976543821
457983621931462857268157394819736542726594138543821976674315289382649715195278463
819736542726594138543821976674315289382649715195278463457983621931462857268157394
983621457462857931157394268736542819594138726821976543315289674649715382278463195
736542819594138726821976543315289674649715382278463195983621457462857931157394268
192875634365194872847326915271963548659418723438752169583641297914287356726539481
875634192194872365326915847963548271418723659752169438641297583287356914539481726
634192875872365194915847326548271963723659418169438752297583641356914287481726539
264597138753812964198346257947625813615483792382179546571234689426958371839761425
597138264812964753346257198625813947483792615179546382234689571958371426761425839
297583641356914287481726539634192875872365194915847326548271963723659418169438752
963548271418723659752169438641297583287356914539481726875634192194872365326915847
138264597964753812257198346813947625792615483546382179689571234371426958425839761
947625813615483792382179546571234689426958371839761425264597138753812964198346257
571234689426958371839761425264597138753812964198346257947625813615483792382179546
625813947483792615179546382234689571958371426761425839597138264812964753346257198
234689571958371426761425839597138264812964753346257198625813947483792615179546382
463785912281946735957321864345867129826139457179452683634278591592614378718593246
785912463946735281321864957867129345139457826452683179278591634614378592593246718
912463785735281946864957321129345867457826139683179452591634278378592614246718593
381657429427391685569428317814265793635719842792843561146532978258974136973186254
657429381391685427428317569265793814719842635843561792532978146974136258186254973
591634278378592614246718593912463785735281946864957321129345867457826139683179452
867129345139457826452683179278591634614378592593246718785912463946735281321864957
429381657685427391317569428793814265842635719561792843978146532136258974254973186
814265793635719842792843561146532978258974136973186254381657429427391685569428317
146532978258974136973186254381657429427391685569428317814265793635719842792843561
265793814719842635843561792532978146974136258186254973657429381391685427428317569
532978146974136258186254973657429381391685427428317569265793814719842635843561792
869712453734985216215364987378691542956428731421573869183247695647159328592836174
712453869985216734364987215691542378428731956573869421247695183159328647836174592
453869712216734985987215364542378691731956428869421573695183247328647159174592836
394165872752849631861372945645218793927453186183796254578631429436927518219584367
165872394849631752372945861218793645453186927796254183631429578927518436584367219
695183247328647159174592836453869712216734985987215364542378691731956428869421573
691542378428731956573869421247695183159328647836174592712453869985216734364987215
872394165631752849945861372793645218186927453254183796429578631518436927367219584
645218793927453186183796254578631429436927518219584367394165872752849631861372945
578631429436927518219584367394165872752849631861372945645218793927453186183796254
218793645453186927796254183631429578927518436584367219165872394849631752372945861
631429578927518436584367219165872394849631752372945861218793645453186927796254183
394217685865934172712856943183472569627395418459681327231548796948763251576129834
217685394934172865856943712472569183395418627681327459548796231763251948129834576
685394217172865934943712856569183472418627395327459681796231548251948763834576129
164295387825347961379186452436571298798462135251839746543728619612953874987614523
295387164347961825186452379571298436462135798839746251728619543953874612614523987
796231548251948763834576129685394217172865934943712856569183472418627395327459681
472569183395418627681327459548796231763251948129834576217685394934172865856943712
387164295961825347452379186298436571135798462746251839619543728874612953523987614
436571298798462135251839746543728619612953874987614523164295387825347961379186452
543728619612953874987614523164295387825347961379186452436571298798462135251839746
571298436462135798839746251728619543953874612614523987295387164347961825186452379
728619543953874612614523987295387164347961825186452379571298436462135798839746251
964182735871653924235947816596314287412876359783529461628491573347265198159738642
182735964653924871947816235314287596876359412529461783491573628265198347738642159
735964182924871653816235947287596314359412876461783529573628491198347265642159738
547631982918245673623879415385427169172963854469158237234516798856794321791382546
631982547245673918879415623427169385963854172158237469516798234794321856382546791
573628491198347265642159738735964182924871653816235947287596314359412876461783529
314287596876359412529461783491573628265198347738642159182735964653924871947816235
982547631673918245415623879169385427854172963237469158798234516321856794546791382
385427169172963854469158237234516798856794321791382546547631982918245673623879415
234516798856794321791382546547631982918245673623879415385427169172963854469158237
427169385963854172158237469516798234794321856382546791631982547245673918879415623
516798234794321856382546791631982547245673918879415623427169385963854172158237469
413562897729148563568379124236485719845791236971236485382957641197624358654813972
562897413148563729379124568485719236791236845236485971957641382624358197813972654
897413562563729148124568379719236485236845791485971236641382957358197624972654813
289316475347895126651274398472968513893521647516743289724639851138457962965182734
316475289895126347274398651968513472521647893743289516639851724457962138182734965
641382957358197624972654813897413562563729148124568379719236485236845791485971236
485719236791236845236485971957641382624358197813972654562897413148563729379124568
475289316126347895398651274513472968647893521289516743851724639962138457734965182
472968513893521647516743289724639851138457962965182734289316475347895126651274398
724639851138457962965182734289316475347895126651274398472968513893521647516743289
968513472521647893743289516639851724457962138182734965316475289895126347274398651
639851724457962138182734965316475289895126347274398651968513472521647893743289516
265481379897365142143972856419527683378619524652843791981256437526734918734198265
481379265365142897972856143527683419619524378843791652256437981734918526198265734
379265481142897365856143972683419527524378619791652843437981256918526734265734198
436957281175823694982164573568271439214539867793648152657492318829316745341785926
957281436823694175164573982271439568539867214648152793492318657316745829785926341
437981256918526734265734198379265481142897365856143972683419527524378619791652843
527683419619524378843791652256437981734918526198265734481379265365142897972856143
281436957694175823573982164439568271867214539152793648318657492745829316926341785
568271439214539867793648152657492318829316745341785926436957281175823694982164573
657492318829316745341785926436957281175823694982164573568271439214539867793648152
271439568539867214648152793492318657316745829785926341957281436823694175164573982
492318657316745829785926341957281436823694175164573982271439568539867214648152793
319476528628915734745238196536197842192584367874362951987623415251849673463751289
476528319915734628238196745197842536584367192362951874623415987849673251751289463
528319476734628915196745238842536197367192584951874362415987623673251849289463751
518924367397856124624713985153687492986245713742391658839462571465178239271539846
924367518856124397713985624687492153245713986391658742462571839178239465539846271
415987623673251849289463751528319476734628915196745238842536197367192584951874362
197842536584367192362951874623415987849673251751289463476528319915734628238196745
367518924124397856985624713492153687713986245658742391571839462239465178846271539
153687492986245713742391658839462571465178239271539846518924367397856124624713985
839462571465178239271539846518924367397856124624713985153687492986245713742391658
687492153245713986391658742462571839178239465539846271924367518856124397713985624
462571839178239465539846271924367518856124397713985624687492153245713986391658742
837152496294367158615489327529674831768213549341895762183946275476528913952731684
152496837367158294489327615674831529213549768895762341946275183528913476731684952
496837152158294367327615489831529674549768213762341895275183946913476528684952731
573149826264875391981362745628957134719423568435681279857296413346718952192534687
149826573875391264362745981957134628423568719681279435296413857718952346534687192
275183946913476528684952731496837152158294367327615489831529674549768213762341895
674831529213549768895762341946275183528913476731684952152496837367158294489327615
826573149391264875745981362134628957568719423279435681413857296952346718687192534
628957134719423568435681279857296413346718952192534687573149826264875391981362745
857296413346718952192534687573149826264875391981362745628957134719423568435681279
957134628423568719681279435296413857718952346534687192149826573875391264362745981
296413857718952346534687192149826573875391264362745981957134628423568719681279435
568127493237594186491836527613489275824675931759312648172963854946758312385241769
127493568594186237836527491489275613675931824312648759963854172758312946241769385
493568127186237594527491836275613489931824675648759312854172963312946758769385241
687193524125748639349265871463972158871654293952381746296837415734516982518429367
193524687748639125265871349972158463654293871381746952837415296516982734429367518
854172963312946758769385241493568127186237594527491836275613489931824675648759312
489275613675931824312648759963854172758312946241769385127493568594186237836527491
524687193639125748871349265158463972293871654746952381415296837982734516367518429
463972158871654293952381746296837415734516982518429367687193524125748639349265871
296837415734516982518429367687193524125748639349265871463972158871654293952381746
972158463654293871381746952837415296516982734429367518193524687748639125265871349
837415296516982734429367518193524687748639125265871349972158463654293871381746952
348129657572486391196735482823971546967854213415263879681592734259347168734618925
129657348486391572735482196971546823854213967263879415592734681347168259618925734
657348129391572486482196735546823971213967854879415263734681592168259347925734618
894627351261853479375194826982536147756941283143278965528719634417362598639485712
627351894853479261194826375536147982941283756278965143719634528362598417485712639
734681592168259347925734618657348129391572486482196735546823971213967854879415263
971546823854213967263879415592734681347168259618925734129657348486391572735482196
351894627479261853826375194147982536283756941965143278634528719598417362712639485
982536147756941283143278965528719634417362598639485712894627351261853479375194826
528719634417362598639485712894627351261853479375194826982536147756941283143278965
536147982941283756278965143719634528362598417485712639627351894853479261194826375
719634528362598417485712639627351894853479261194826375536147982941283756278965143
846123795925478163713659284174965832659832471382714956431597628598246317267381549
123795846478163925659284713965832174832471659714956382597628431246317598381549267
795846123163925478284713659832174965471659832956382714628431597317598246549267381
163452897758396421492187653987523146631948275524761389849635712375214968216879534
452897163396421758187653492523146987948275631761389524635712849214968375879534216
628431597317598246549267381795846123163925478284713659832174965471659832956382714
965832174832471659714956382597628431246317598381549267123795846478163925659284713
897163452421758396653492187146987523275631948389524761712849635968375214534216879
987523146631948275524761389849635712375214968216879534163452897758396421492187653
849635712375214968216879534163452897758396421492187653987523146631948275524761389
523146987948275631761389524635712849214968375879534216452897163396421758187653492
635712849214968375879534216452897163396421758187653492523146987948275631761389524
